           1   5.7403476505091629E-005
           2   1.8471284308902270E-005
           3   6.1916476191959477E-006
           4   2.5682982459852420E-006
           5   9.0057296392394542E-007
           6   3.7503087395674905E-007
           7   1.3959238788389005E-007
           8   5.8514047308249248E-008
           9   2.2511257997352805E-008
          10   9.4521321946607890E-009
          11   3.6972244896649361E-009
          12   1.5447363629353750E-009
          13   6.0792433998473821E-010
          14   2.5090913418869137E-010
          15   9.8541426672451050E-011
