           1   2.4880698985080894E-003
           2   2.1122461967900483E-005
           3   8.1659429992560765E-006
           4   3.1420705994294628E-006
           5   1.1521728782836519E-006
           6   4.9427899911101629E-007
           7   1.7681373352894285E-007
           8   7.8025662484981504E-008
           9   2.8342419116663086E-008
          10   1.2712514822043528E-008
          11   4.6217387310947253E-009
          12   2.1211541135762320E-009
          13   7.5254013718307289E-010
          14   3.5728296069213054E-010
          15   1.2050921348521568E-010
