           1   1.7635833000322884E-004
           2   6.0668887428691827E-005
           3   3.0945053680237416E-005
           4   1.7187226518196331E-005
           5   8.3831172213391528E-006
           6   4.6360162377702660E-006
           7   2.3862017209971729E-006
           8   1.2964961923107935E-006
           9   7.1915654838678051E-007
          10   3.9206926096954653E-007
          11   2.3281155803845952E-007
          12   1.3187137077981868E-007
          13   8.0016354026461488E-008
          14   4.9430521164461436E-008
          15   3.0444440471956282E-008
          16   1.9739257304243658E-008
          17   1.3039305053007691E-008
          18   8.6741407433231567E-009
          19   5.9726806487057005E-009
          20   4.2277467680961908E-009
          21   3.0302945569552325E-009
          22   2.2131942735920679E-009
          23   1.6620834372395777E-009
          24   1.2742237380147451E-009
          25   9.9034298924804422E-010
          26   7.8230803870771736E-010
          27   6.2984611841902493E-010
          28   5.1587567245896500E-010
          29   4.2807367303798020E-010
          30   3.5897284496293110E-010
          31   3.0436616798750235E-010
          32   2.6123563750656701E-010
          33   2.2678711683208196E-010
          34   1.9867671379006066E-010
          35   1.7534078981324926E-010
          36   1.5585606154059948E-010
          37   1.3958740490792405E-010
          38   1.2597614120289531E-010
          39   1.1450819214093946E-010
          40   1.0474430774980344E-010
          41   9.6338634046933582E-011
