           1   2.4875235148707265E-003
           2   5.8560404949977015E-005
           3   2.1873320020552547E-005
           4   7.3446682543023531E-006
           5   5.0722559956160694E-006
           6   2.1027873911022671E-006
           7   1.3084808972284036E-006
           8   5.9247442287669277E-007
           9   3.4996808079280412E-007
          10   1.7160305000801844E-007
          11   9.6559566409956455E-008
          12   5.3654218889980583E-008
          13   2.8972307546816193E-008
          14   1.7408000137884013E-008
          15   9.9859158111804185E-009
          16   5.9186181829057707E-009
          17   3.7322636989481733E-009
          18   2.3154677181271062E-009
          19   1.4719175654426072E-009
          20   9.8099142111336118E-010
          21   6.6353484954413826E-010
          22   4.5229838246012143E-010
          23   3.1814434833716451E-010
          24   2.3104738457297478E-010
          25   1.7011449841712554E-010
          26   1.2685218998110623E-010
          27   9.6643650659140450E-011
          28   7.5304393421079920E-011
          29   5.9640985414214537E-011
          30   4.7730952684524650E-011
          31   3.8587536249954134E-011
          32   3.1620411182895851E-011
          33   2.6293329268825104E-011
          34   2.2118116442273923E-011
          35   1.8754564024320110E-011
          36   1.6014303685959670E-011
          37   1.3786381114492628E-011
          38   1.1978336819753654E-011
          39   1.0502391909443249E-011
          40   9.2822636362205448E-012
          41   8.2585688537245699E-012
