           1   5.6540384855950349E-005
           2   1.6722505155216309E-005
           3   5.2946846356506329E-006
           4   2.1050767978871471E-006
           5   7.7357702577085279E-007
           6   2.9986964478085890E-007
           7   1.1299960212702418E-007
           8   4.0981489679978186E-008
           9   1.4659276706761096E-008
          10   4.9598544309278358E-009
          11   1.6795273239719525E-009
          12   5.3829198704680317E-010
          13   1.7498322183164792E-010
          14   5.4098045033922433E-011
