           1   2.4880829371541863E-003
           2   2.1785272969866053E-005
           3   7.6358078821609009E-006
           4   2.6974976429325686E-006
           5   1.0433851085850480E-006
           6   3.9855376066395129E-007
           7   1.7310392842498689E-007
           8   5.4925930638416504E-008
           9   2.6312450425783857E-008
          10   6.6543783742215509E-009
          11   3.4191400755252037E-009
          12   7.2109071421206820E-010
          13   3.8815642727300886E-010
          14   7.2269467597604436E-011
