           1   1.7611255432854975E-004
           2   5.9656019159767380E-005
           3   2.6003890189771341E-005
           4   1.5172461369617798E-005
           5   6.5807743712553822E-006
           6   3.5919710361498381E-006
           7   1.6743506749932537E-006
           8   8.7161995687625624E-007
           9   4.2286539137457564E-007
          10   2.1439675741424896E-007
          11   1.0627695000434320E-007
          12   5.3105116872770469E-008
          13   2.6637227229415243E-008
          14   1.3203369825193378E-008
          15   6.6663006880330348E-009
          16   3.2897161386046500E-009
          17   1.6669371554905200E-009
          18   8.2069361907335741E-010
          19   4.1663343200148179E-010
          20   2.0489971107539964E-010
          21   1.0410728686997392E-010
          22   5.1181766093578461E-011
