           1   2.4875312496113232E-003
           2   5.8655110853624477E-005
           3   2.2639970538495824E-005
           4   7.6256821759775022E-006
           5   4.2179989251771098E-006
           6   2.0493756014361412E-006
           7   9.7138801979888546E-007
           8   5.1843762061250400E-007
           9   2.3737158302886128E-007
          10   1.2916377344022288E-007
          11   5.9051602405396682E-008
          12   3.2065186308619197E-008
          13   1.4775197698614061E-008
          14   7.9582732695314046E-009
          15   3.7034295962466375E-009
          16   1.9765428024409243E-009
          17   9.2861276780334630E-010
          18   4.9133894443859400E-010
          19   2.3281324379834650E-010
          20   1.2224334794945539E-010
          21   5.8351601347947474E-011
          22   3.0436225592650138E-011
