           1   8.3270671511097446E-004
           2   5.5448268084988984E-004
           3   3.6933898355719476E-004
           4   2.4604977111208513E-004
           5   1.6392951699422073E-004
           6   1.0922352272410404E-004
           7   7.2776882739904837E-005
           8   4.8493642716336882E-005
           9   3.2313755167985809E-005
          10   2.1532739864976261E-005
          11   1.4348909511828868E-005
          12   9.5619195954950543E-006
          13   6.3720175098872103E-006
          14   4.2463304702004013E-006
          15   2.8297950574931012E-006
          16   1.8858191914886945E-006
          17   1.2567490951462952E-006
          18   8.3752971710215401E-007
          19   5.5815482837983524E-007
          20   3.7197324657989870E-007
          21   2.4789687927184606E-007
          22   1.6520856273051590E-007
          23   1.1010220407235931E-007
          24   7.3377225529817962E-008
          25   4.8902182018360592E-008
          26   3.2590929350178632E-008
          27   2.1720343952891722E-008
          28   1.4475647517706339E-008
          29   9.6474060786676116E-009
          30   6.4296050499184013E-009
          31   4.2850820010738174E-009
          32   2.8558475084372988E-009
          33   1.9033202362364997E-009
          34   1.2684975531634412E-009
          35   8.4541172630188965E-010
          36   5.6344005558261123E-010
          37   3.7551556306770827E-010
          38   2.5027005846655755E-010
          39   1.6679788596508607E-010
          40   1.1116622144247029E-010
          41   7.4089347706608599E-011
          42   4.9378659017801356E-011
          43   3.2909658505239387E-011
          44   2.1933502771195278E-011
          45   1.4618173993291019E-011
          46   9.7426867228895917E-012
          47   6.4932903886946822E-012
          48   4.3276423233404088E-012
          49   2.8842859242310671E-012
          50   1.9223196723999997E-012
          51   1.2811899861433649E-012
          52   8.5388913996567810E-013
          53   5.6910195130216655E-013
          54   3.7929623636950069E-013
          55   2.5279460540604380E-013
          56   1.6848345253107074E-013
