           1   2.5000000000000001E-003
           2   1.9978073918673948E-003
           3   1.5970713431152667E-003
           4   1.2769003015114366E-003
           5   1.0209990784520822E-003
           6   8.1642756827534941E-004
           7   6.5287114911780151E-004
           8   5.2209653308495432E-004
           9   4.1752740439125242E-004
          10   3.3390899082933313E-004
          11   2.6704152050955205E-004
          12   2.1356788867184107E-004
          13   1.7080428468588363E-004
          14   1.3660498258740721E-004
          15   1.0925435160427355E-004
          16   8.7380578879531312E-005
          17   6.9886723401627705E-005
          18   5.5895610664541306E-005
          19   4.4705784172724795E-005
          20   3.5756291922873822E-005
          21   2.8598533705698582E-005
          22   2.2873752086727802E-005
          23   1.8295034816758899E-005
          24   1.4632923872319013E-005
          25   1.1703907981237395E-005
          26   9.3612206073595800E-006
          27   7.4874813234555064E-006
          28   5.9888111680314461E-006
          29   4.7901266466298990E-006
          30   3.8313762412052606E-006
          31   3.0645306185054402E-006
          32   2.4511755646344690E-006
          33   1.9605869233255241E-006
          34   1.5681910019021320E-006
          35   1.2543332478469294E-006
          36   1.0032934623458565E-006
          37   8.0249818225190751E-007
          38   6.4189074962837664E-007
          39   5.1342749487408054E-007
          40   4.1067478253770281E-007
          41   3.2848672536934017E-007
          42   2.6274741599038235E-007
          43   2.1016475943728269E-007
          44   1.6810557612599595E-007
          45   1.3446371311395621E-007
          46   1.0755455575976042E-007
          47   8.6030654791254915E-008
          48   6.8814241899879489E-008
          49   5.5043253139895415E-008
          50   4.4028156237780709E-008
          51   3.5217419196382704E-008
          52   2.8169890488928015E-008
          53   2.2532707385652202E-008
          54   1.8023625909216640E-008
          55   1.4416887396448272E-008
          56   1.1531913774797090E-008
          57   9.2242654122376117E-009
          58   7.3784086490230860E-009
          59   5.9019308339765892E-009
          60   4.7209131478204123E-009
          61   3.7762294723301035E-009
          62   3.0205859960229075E-009
          63   2.4161532711502452E-009
          64   1.9326721786729119E-009
          65   1.5459389417135904E-009
          66   1.2365933222624815E-009
          67   9.8914934052974714E-010
          68   7.9121995690983450E-010
          69   6.3289693353431449E-010
          70   5.0625477308572586E-010
          71   4.0495395374487359E-010
          72   3.2392355016530889E-010
          73   2.5910736567092981E-010
          74   2.0726088442355544E-010
          75   1.6578883472954891E-010
          76   1.3261527291175315E-010
          77   1.0607966522477457E-010
          78   8.4853754588897296E-011
