           1   5.0000000000000023E-004
           2   3.9956147837347906E-004
           3   3.1941426862305296E-004
           4   2.5538006030228762E-004
           5   2.0419981569041635E-004
           6   1.6328551365506986E-004
           7   1.3057422982356028E-004
           8   1.0441930661699078E-004
           9   8.3505480878250395E-005
          10   6.6781798165866635E-005
          11   5.3408304101910409E-005
          12   4.2713577734368201E-005
          13   3.4160856937176741E-005
          14   2.7320996517481420E-005
          15   2.1850870320854728E-005
          16   1.7476115775906274E-005
          17   1.3977344680325543E-005
          18   1.1179122132908254E-005
          19   8.9411568345449572E-006
          20   7.1512583845747646E-006
          21   5.7197067411397175E-006
          22   4.5747504173455622E-006
          23   3.6590069633517804E-006
          24   2.9265847744638027E-006
          25   2.3407815962474770E-006
          26   1.8722441214719156E-006
          27   1.4974962646911027E-006
          28   1.1977622336062889E-006
          29   9.5802532932598069E-007
          30   7.6627524824105263E-007
          31   6.1290612370108797E-007
          32   4.9023511292689416E-007
          33   3.9211738466510507E-007
          34   3.1363820038042683E-007
          35   2.5086664956938581E-007
          36   2.0065869246917112E-007
          37   1.6049963645038157E-007
          38   1.2837814992567527E-007
          39   1.0268549897481608E-007
          40   8.2134956507540567E-008
          41   6.5697345073867973E-008
          42   5.2549483198076486E-008
          43   4.2032951887456540E-008
          44   3.3621115225199161E-008
          45   2.6892742622791263E-008
          46   2.1510911151952081E-008
          47   1.7206130958250971E-008
          48   1.3762848379975883E-008
          49   1.1008650627979075E-008
          50   8.8056312475561316E-009
          51   7.0434838392765366E-009
          52   5.6339780977856026E-009
          53   4.5065414771304393E-009
          54   3.6047251818433263E-009
          55   2.8833774792896520E-009
          56   2.3063827549594169E-009
          57   1.8448530824475221E-009
          58   1.4756817298046171E-009
          59   1.1803861667953185E-009
          60   9.4418262956408334E-010
          61   7.5524589446602004E-010
          62   6.0411719920458190E-010
          63   4.8323065423004934E-010
          64   3.8653443573458189E-010
          65   3.0918778834271844E-010
          66   2.4731866445249632E-010
          67   1.9782986810594949E-010
          68   1.5824399138196690E-010
          69   1.2657938670686294E-010
          70   1.0125095461714521E-010
          71   8.0990790748974796E-011
          72   6.4784710033061866E-011
          73   5.1821473134185975E-011
          74   4.1452176884711062E-011
          75   3.3157766945909796E-011
          76   2.6523054582350630E-011
          77   2.1215933044954924E-011
          78   1.6970750917779476E-011
